time,x,y,z,phi,theta,psi,x_velocity,y_velocity,z_velocity,phi_velocity,theta_velocity,psi_velocity,rotor_speed1,rotor_speed2,rotor_speed3,rotor_speed4
0.06,5.23122982912e-08,1.36825430995e-06,10.0018817366,0.000972058711857,6.28285778805,0.0,1.44663181181e-05,0.000103586228237,0.0627225706931,0.0371199771996,-0.0195668888688,0.0,425.587600301229,423.909913553373,423.47389266877633,426.654377302293
0.12000000000000001,1.12525483659e-05,3.47036221609e-05,10.007625037,0.00289930585282,6.2820322159,0.0,0.000453901719083,0.00121151843411,0.128714639392,0.0195529490046,-0.00413083090376,0.0,425.37167213233164,426.6913319682486,426.6826110823569,425.18092239600463
0.18,6.47197533284e-05,0.000176153229187,10.0197641573,0.00402282582545,6.28200269431,0.0,0.00134250503761,0.00362861963747,0.275897459831,0.0170166167436,0.00594078977926,0.0,450.9874187187783,451.80005329597714,452.0159832196462,451.8115179670918
0.23999999999999996,0.000166637539148,0.000474148602281,10.0377389603,0.00478553279392,6.28224498098,0.0,0.0020262517197,0.00639022907719,0.323249673314,0.00229666303329,-6.83779559976e-05,0.0,420.2209829258248,419.6997729068263,420.5906861934435,419.31399423233177
0.3,0.0003102287605,0.000971458668518,10.0631128415,0.00508749301953,6.28175900908,0.0,0.00277781567182,0.010212666049,0.522475825125,0.0100092531282,-0.0334451693921,0.0,469.379398986093,466.78243691320756,466.5462080675345,467.1478170833606
0.36000000000000004,0.000518559561416,0.00170511554528,10.099981399,0.00601580971632,6.27976214655,0.0,0.00439543765954,0.0143315595463,0.706379117479,0.024618402103,-0.0329548574765,0.0,463.11291557488175,463.1510861673122,462.4370704173229,463.5861523379339
0.4200000000000001,0.000862530476714,0.00269854199274,10.1459528667,0.00731339884102,6.27803580243,0.0,0.0072630689756,0.0189285058254,0.825922141797,0.0148477441903,-0.0215018639313,0.0,442.90238452188646,443.8429496566124,444.21505052964994,443.41322927802594
0.48000000000000015,0.00142326403997,0.0040082874318,10.2010192715,0.00875292752608,6.27651820083,0.0,0.0115862901108,0.0248668786056,1.00947837692,0.0378645494375,-0.034223979624,0.0,463.2385293627684,462.2370662770479,463.1075487112384,464.9142714379927
0.5400000000000001,0.00229772348948,0.00573378050645,10.269369525,0.0111319839106,6.2744690117,0.0,0.0178181407405,0.0329394561306,1.26860759175,0.0430028324166,-0.0340119014816,0.0,487.10506043090595,487.12054892959077,484.32558398270726,484.7124921594897
0.6000000000000002,0.00356442317132,0.00796326999804,10.3496392014,0.0135338502426,6.27299415182,0.0,0.0245879677027,0.0416439815633,1.40688297078,0.0333057258594,-0.0103766152764,0.0,449.6557014124682,451.5659764030769,450.7884973046809,450.0050939080806
0.6600000000000003,0.00527275639072,0.0107762079578,10.4390068341,0.0152908614235,6.27240045449,0.0,0.032422116902,0.0523288806118,1.57182185152,0.0196973421511,-0.00894862303306,0.0,458.97000713956913,459.08344392650093,459.53751934083,458.4578606922501
0.7200000000000003,0.00743147300484,0.014220396263,10.5352846471,0.016553671721,6.27212061814,0.0,0.0395725290581,0.0625944309841,1.63734413864,0.0236175116471,0.00276280306605,0.0,428.77616446998707,429.7699575922121,427.2075777712713,427.54169574067635
0.7800000000000004,0.0100460993125,0.0183421042845,10.6376384139,0.0179170518838,6.27224762303,0.0,0.0475636094453,0.074941759143,1.77424269392,0.0208713388976,0.000792178859977,0.0,451.2532284108152,451.0940930596212,451.1572856138817,450.9355475695515
0.8400000000000004,0.0131532241397,0.0232599518246,10.7496366362,0.0194232063427,6.27253638682,0.0,0.0559834649976,0.0891401083318,1.95873041358,0.0324473771474,0.01183757092,0.0,465.5613016605028,466.4245850451603,465.5293515750174,466.4342803835379
0.9000000000000005,0.0167749949694,0.0291040052438,10.8744983432,0.0220929940858,6.2727967185,0.0,0.0646683968256,0.105946162233,2.20288275772,0.0615373645335,-0.018156781768,0.0,484.61380881984695,482.35409640662857,483.61234784212445,485.7992489484813
0.9600000000000005,0.020838738581,0.0358555631393,11.0063526164,0.0255512560061,6.27165766828,0.0,0.0708852548028,0.119413433679,2.19227073562,0.0484048860089,-0.0206923856547,0.0,405.957515228262,405.72994739750004,405.3333909888156,404.15411996555486
1.0200000000000005,0.0253389018802,0.0435696526758,11.1412889042,0.0281175054927,6.27086784034,0.0,0.0792198049929,0.138004641652,2.30537375329,0.0280557516538,-0.00125537485614,0.0,445.42768659206587,447.01441993568466,446.13902494509,444.47546227900364
1.0800000000000005,0.0303170963489,0.052368521578,11.2801945842,0.0299229062969,6.27063769143,0.0,0.0867326022021,0.15544679651,2.32477009198,0.0338755886282,-0.00957359358499,0.0,416.0786052393616,415.34981293029233,415.9772407383989,416.4869085396155
1.1400000000000006,0.0357944300022,0.0623500323747,11.4236350955,0.0319380970351,6.27017375087,0.0,0.0958966978711,0.177477231992,2.45629747794,0.0330021217198,-0.00428300799167,0.0,452.09758031783934,452.5237564602795,451.8727948870203,451.80281040255625
1.2000000000000006,0.0417877906461,0.0735916443535,11.5717192739,0.0336191019674,6.27016723979,0.0,0.103892069463,0.1974091559,2.47978337568,0.0154930676708,0.00715145038822,0.0,417.296649294919,418.29359065090415,419.1307691545363,417.6065555420488
1.2600000000000007,0.0483273301591,0.0862348267287,11.726493323,0.0343288845282,6.27037557415,0.0,0.114047861574,0.224111357661,2.67890120917,0.00325493041895,-0.00514722332242,0.0,473.30007791649956,472.35256022232596,473.94029645502707,472.99865290089053
1.3200000000000007,0.0554811209871,0.100511874123,11.8937379912,0.0347253932009,6.27005537047,0.0,0.124442352799,0.251807185962,2.89539369298,0.0125896824687,-0.00571847602123,0.0,479.7588921011672,479.71561320301697,478.2152299692384,478.9256368472325
1.3800000000000008,0.0632102764672,0.116313723624,12.0697125153,0.0354492931727,6.26954187547,0.0,0.133234773526,0.274985872297,2.97022621328,0.0109944439151,-0.0149477030979,0.0,437.96944309391796,437.20126363513367,436.7351066685631,436.6019117736737
1.4400000000000008,0.0714713480563,0.133502525016,12.2496805713,0.0356936185875,6.26936474082,0.0,0.142176658946,0.298016255364,3.0285508412,-0.0157212150953,0.0140379518409,0.0,430.99008506688165,433.43306579614494,433.4257516350698,431.1745673507473
1.5000000000000009,0.0802898442074,0.152131479117,12.4348290146,0.0347176019278,6.27033034132,0.0,0.151674100235,0.322836198743,3.14275941897,-0.0173813122292,0.0199160014502,0.0,449.81486348782124,450.29053743404484,450.5392555849714,450.40510667906466
1.560000000000001,0.0896143437098,0.172113635158,12.6235117783,0.0333021394192,6.27169288234,0.0,0.159029110063,0.343129179216,3.14665927008,-0.040438842184,0.0277792103101,0.0,415.63177668622865,416.3204488980979,415.73928437638483,413.71380067050643
1.620000000000001,0.0993355967703,0.193228050559,12.8107467855,0.0310846673779,6.2730512414,0.0,0.164891160745,0.360502786536,3.09465820587,-0.0307756457455,0.0096097619747,0.0,396.95657741013724,395.2857697036372,395.6990143464301,396.5867770212713
1.680000000000001,0.109409370308,0.215409974694,12.9968065044,0.0288930042744,6.27345922887,0.0,0.1708560546,0.37871440652,3.10730387139,-0.0516646841611,0.000485966151817,0.0,418.6692924146015,417.8745936676785,418.5507669418676,416.727942297335
1.740000000000001,0.119886992278,0.238790469442,13.1889288555,0.0255057235193,6.27317525203,0.0,0.178403964715,0.400246616186,3.29625922072,-0.0683501072564,-0.0180276186337,0.0,472.7699920856424,471.341429649719,475.0455284795029,473.7622942455373
1.8000000000000012,0.130823597975,0.263366135225,13.3918737663,0.0214360906076,6.2717952299,0.0,0.186280034785,0.418466138671,3.46807666075,-0.0668019295503,-0.0354838567206,0.0,469.49994567895607,468.14353588151613,469.5278174756718,469.64472763966205
1.8600000000000012,0.14218196736,0.288790316676,13.5978204769,0.0172923278803,6.27020414731,0.0,0.192474222769,0.428695035762,3.39703562835,-0.0740153305091,-0.0128557933313,0.0,390.4446996590953,392.5499029519055,391.86360930559266,391.1880971478084
1.9200000000000013,0.153996716203,0.314842258404,13.8043379813,0.0133894671162,6.26907788901,0.0,0.201438344869,0.439280307425,3.48662048748,-0.0513869444289,-0.0345062884429,0.0,445.0216011262639,443.24580287288154,444.2452255328036,446.0935793889329
1.9800000000000013,0.166318721334,0.341402654677,14.0122006457,0.0109568982431,6.26674180322,0.0,0.209473236614,0.445847640128,3.44227174175,-0.0247655580211,-0.0497170850586,0.0,401.68060975513316,400.29773861767603,399.8386160217901,402.2555067053405
2.0400000000000014,0.17922551335,0.368360342974,14.2210654361,0.00963270742589,6.26411712747,0.0,0.221023641341,0.452599487919,3.51964879482,-0.0171608846617,-0.0338902327808,0.0,439.8397286527071,441.1474253669667,441.3605319216844,441.98771823438585
2.1000000000000014,0.192936695129,0.395728309345,14.4377693123,0.00811342199171,6.26220059677,0.0,0.236229737039,0.45952445172,3.70323307406,-0.0514191594502,-0.028306579304,0.0,473.459864883835,473.888967809343,475.6261919825676,472.994831003259
2.1600000000000015,0.207584222295,0.423460377913,14.6646025726,0.00464889245261,6.26070427057,0.0,0.252184844707,0.464516152065,3.85736910003,-0.0750249826892,-0.0189357246648,0.0,466.18513587285724,466.91673602632045,467.2109849948197,465.3644630820905
2.2200000000000015,0.223243638615,0.451412665254,14.9017219925,0.000518059749157,6.25970362019,0.0,0.26990299919,0.466726829545,4.04596645588,-0.0587143288292,-0.0125058196603,0.0,478.1909091538994,478.68059192829884,476.2233107422728,477.46602755161433
2.2800000000000016,0.239878869621,0.479404903334,15.1455426546,6.28016343155,6.25888215185,0.0,0.284673592824,0.466018821456,4.08126551452,-0.0595740209838,-0.016173821192,0.0,432.4232886125483,432.11427168507714,431.51009072999784,431.4349554273311
2.3400000000000016,0.257519543441,0.507271996033,15.3957238091,6.27638489658,6.25838426973,0.0,0.303411737615,0.462469125494,4.25746741911,-0.0708312504663,0.00404653519797,0.0,474.422358781999,475.97257289367656,476.32764982011156,475.46329022170886
2.4000000000000017,0.276141737725,0.53488181847,15.6504611238,6.27232836203,6.25914113295,0.0,0.317283883603,0.457507885086,4.2338688983,-0.0618408734357,0.0258047546942,0.0,412.4087236798774,414.32624336773114,414.4131497480052,415.19891591363125
2.4600000000000017,0.295603635989,0.562114927997,15.9047934023,6.26892894475,6.26056157443,0.0,0.331311552307,0.449947361066,4.24384220207,-0.0479102049357,0.019030705186,0.0,424.56431631819726,423.98274750429584,425.27207010727477,426.4613396807192
2.520000000000002,0.315958538956,0.588785833747,16.1631160984,6.26552518812,6.2618359009,0.0,0.347045674445,0.438771759765,4.36645737274,-0.0872572585891,0.0253244336718,0.0,460.086065378025,460.58411695065615,462.6399946642763,459.5285963721541
2.580000000000002,0.337226690101,0.614704460013,16.4287405869,6.25996398021,6.26389655711,0.0,0.361688423042,0.424624613975,4.48722983599,-0.10667999056,0.0480697176776,0.0,459.4281881456809,461.22865116308867,462.6161719933498,461.07701964329834
2.640000000000002,0.359335049115,0.63963621717,16.7022168184,6.25384425644,6.26730881417,0.0,0.374899244215,0.405769568401,4.62808909153,-0.0939776929971,0.0703359706994,0.0,468.28876933704385,470.0196977497243,466.51090158971147,467.4932274054593
2.700000000000002,0.382136594838,0.663344659847,16.9828578911,6.24762873959,6.27143894405,0.0,0.384718007556,0.383938430732,4.72621617703,-0.142049881103,0.0656534522582,0.0,456.4345052253954,456.0640567849624,458.2173970854955,454.36875051289485
2.760000000000002,0.405434418792,0.685630029627,17.2686516821,6.23919819137,6.27515588995,0.0,0.391492653631,0.358082406508,4.7999300229,-0.137596371998,0.0532652406415,0.0,449.9826868572497,448.98128074067796,449.4677941007962,449.8105098214122
2.820000000000002,0.429084529116,0.706083929035,17.5613387914,6.23104106097,6.27887963666,0.0,0.39645039881,0.32283642641,4.95562690784,-0.132854665163,0.0755221899814,0.0,474.4734964261168,476.181736569531,474.6089473642963,474.95698232933586
2.880000000000002,0.452940269432,0.724287695636,17.8624992216,6.22327309898,0.00026679626211,0.0,0.398252426119,0.283149902743,5.08247592164,-0.123434860894,0.0775441068687,0.0,466.59663271262315,466.75875187307264,468.65490443544144,469.3721501146961
2.940000000000002,0.476799780236,0.739706357766,18.175170552,6.21647008264,0.00440727133328,0.0,0.396497267438,0.229993793799,5.33870716314,-0.0984842371456,0.0405307711387,0.0,507.92366108102976,505.2645815264713,505.01295302612783,506.7995559106304
3.000000000000002,0.500472894618,0.751965158027,18.5003198546,6.21056745806,0.0068936726039,0.0,0.39233523573,0.178031100678,5.49881146951,-0.0981637770021,0.0431987258184,0.0,481.43648771057434,481.6391040178187,480.89465693712725,480.9114319968384
3.0600000000000023,0.523852812433,0.761108686018,18.8332408875,6.20440152737,0.00914380268995,0.0,0.386746430973,0.126178979871,5.59803554731,-0.114068133637,0.022563845216,0.0,466.1800222434827,464.56514932750156,464.6914051277738,463.43395308174956
3.1200000000000023,0.546868556191,0.767123546298,19.1707058557,6.19808496358,0.0103084928982,0.0,0.380326406417,0.0737185888183,5.65048963022,-0.0918268851544,0.0122148174945,0.0,451.0892081526629,450.25252906714286,451.31848914489984,453.10059650583304
3.1800000000000024,0.569466353491,0.769771575149,19.5124945813,6.19230657983,0.0109885712808,0.0,0.372867264796,0.0140266200504,5.74195904883,-0.107236283354,0.00951348040022,0.0,463.4179171604756,463.2053655705654,465.42985350983383,464.2144591143167
3.2400000000000024,0.591601425236,0.768710426956,19.8598433456,6.18631865131,0.010967117487,0.0,0.364922696916,-0.0499742057645,5.83579333374,-0.0880134429655,-0.0436734922684,0.0,467.1023947293063,462.9352961308253,465.88170588423196,467.37428910165914
3.3000000000000025,0.613283323561,0.763781642679,20.21189821,6.18162038463,0.00842125146828,0.0,0.358064939405,-0.114755982552,5.89897929861,-0.0637872887821,-0.0400560462827,0.0,456.932537777481,457.219955091553,457.10892740962146,459.0308295196825
3.3600000000000025,0.63462163391,0.755108198287,20.565516443,6.17832086442,0.00591642653711,0.0,0.353426011406,-0.174655825562,5.88829259885,-0.0415341784189,-0.0453628494055,0.0,435.0428209005987,434.59717260616503,434.34507054554354,436.2054667099163
3.4200000000000026,0.655707324304,0.742416754847,20.9220087873,6.17590446328,0.00351789057497,0.0,0.349699226612,-0.248574995378,5.99417878026,-0.0378645561839,-0.0309376746901,0.0,471.10454025684203,472.2180404547624,470.8624990430918,471.14561502379394
3.4800000000000026,0.67661882985,0.725315732281,21.2841689728,6.173674203,0.00212573041914,0.0,0.347513379803,-0.321624314057,6.07733120516,-0.0358190865702,-0.0110351552524,0.0,464.27313941296575,465.83228384603785,466.281813549303,466.4410383633827
3.5400000000000027,0.697435600664,0.704436227562,21.6454453798,6.17153261305,0.00144595746575,0.0,0.346426394632,-0.374565487441,5.96575475895,-0.0354425633557,-0.0119249275974,0.0,404.40499448653037,404.32493132279427,402.67843830455774,402.7118012263708
3.6000000000000028,0.718193044574,0.680003132233,22.0031180397,6.16969324266,0.000833734969059,0.0,0.345546261809,-0.440035338358,5.95665932419,-0.0224842888975,-0.0069661727718,0.0,437.03971087636296,437.4530300756915,435.76502683900844,436.8467629133465
3.660000000000003,0.738908637501,0.651815776681,22.3584687145,6.16798776283,0.000799942795654,0.0,0.344989213985,-0.499689061347,5.88866649297,-0.0442512030319,0.00987884176521,0.0,417.548676702147,419.0160027248946,417.29644764788674,415.39120142421245
3.720000000000003,0.75958721546,0.619818606337,22.7114664735,6.16517292108,0.0012217940105,0.0,0.344252033256,-0.567115610178,5.87791649091,-0.0528546326844,0.000620342236227,0.0,436.0801574444058,435.3058257173413,435.90691707228154,435.1858370785554
3.780000000000003,0.780220160259,0.58413127347,23.0604132971,6.16212266705,0.00102977744019,0.0,0.343516667588,-0.622745025591,5.75421339551,-0.0470824914017,-0.0122148318945,0.0,398.08459791023864,396.908145791961,396.91509521753306,397.44261698217815
3.840000000000003,0.800807101144,0.544174256765,23.409223246,6.15940468885,0.00032244925433,0.0,0.342791814243,-0.709364755363,5.87210232521,-0.0419541390644,-0.0109500806564,0.0,474.5133744119781,474.61060493774903,474.11905770544615,474.51192110027415
3.900000000000003,0.821366141621,0.499322577999,23.7622253174,6.15677865414,6.28279107744,0.0,0.342572729039,-0.785903079695,5.89443989034,-0.0476640190641,-0.0140118867403,0.0,447.24216302732833,446.99279099857404,446.127444187027,445.65981201930504
3.960000000000003,0.841926782945,0.449593623531,24.1184085882,6.15401144073,6.28145686252,0.0,0.342881469883,-0.871947308519,5.97781066338,-0.0431996544246,-0.048726485523,0.0,466.9951906097712,464.27878326992914,465.8588267307949,466.2066931313075
4.020000000000002,0.862535132152,0.394987717689,24.476974772,6.15087977744,6.2780057568,0.0,0.344333155377,-0.948482783365,5.97432268585,-0.0841405754737,-0.0878380060653,0.0,442.3914276431759,439.1555605277967,440.50338039962537,437.1015881638114
4.080000000000001,0.883293477891,0.335872575017,24.8342300495,6.14615682725,6.27234867029,0.0,0.348060292389,-1.02243975087,5.93427311201,-0.0696275404738,-0.112051956062,0.0,428.2058210956025,426.13222167488215,428.34108542172027,429.5685014443214
4.14,0.904364186236,0.272359125916,25.188242129,6.14150878488,6.26595958122,0.0,0.354813083292,-1.09505239551,5.86635924701,-0.101712211897,-0.0971978124793,0.0,418.4715201401221,419.75200861686744,419.3872022429683,416.584703517771
4.199999999999998,0.925955267975,0.204283759859,25.5390467041,6.13581587799,6.26022109942,0.0,0.365370054563,-1.17462639211,5.8271725435,-0.0838799043774,-0.0926993808996,0.0,427.02968375528883,427.4051228322757,427.43036728048867,428.93951794690474
4.259999999999997,0.948257659983,0.131448722965,25.8867706456,6.1306468123,6.25465210902,0.0,0.378488793885,-1.25364723048,5.76379886817,-0.0911279858141,-0.0930516190521,0.0,419.86223002577475,419.82383864705696,419.46881041398365,418.8321263423914
4.319999999999996,0.971438737512,0.0537755399068,26.2307610641,6.12491628653,6.24909890795,0.0,0.394662337085,-1.33593638174,5.7026893883,-0.106140867003,-0.0915756909868,0.0,420.76753831870525,420.8875714999832,419.61973583014026,418.3056346026682
4.379999999999995,0.995807071617,-0.0295087107902,26.5746682206,6.1183934856,6.24371904643,0.0,0.418129031869,-1.44076413227,5.7603641332,-0.114425430032,-0.0860946172302,0.0,458.3752556541973,458.8042519761491,457.9306661122437,457.26097007008826
4.439999999999993,1.02155036887,-0.118648031279,26.9186472993,6.11207819739,6.23830428516,0.0,0.440411731527,-1.53110202846,5.70567094251,-0.0913601698575,-0.100200116807,0.0,423.3575005035948,422.1344115964705,422.0882792602278,424.0639659138271
4.499999999999992,1.04891143816,-0.214015585241,27.2633990392,6.10635895059,6.23235942143,0.0,0.472200023656,-1.6482864714,5.78539314556,-0.104723387883,-0.0969335843598,0.0,465.6608134896209,465.90836533251235,466.5224630367791,465.4703048147497
4.559999999999991,1.07803098162,-0.315615732375,27.6078021998,6.09992558036,6.22621965545,0.0,0.498916251029,-1.73892809129,5.69494248082,-0.112754590814,-0.116205495767,0.0,412.4154429441669,410.69903251146025,412.8182574235448,412.0976886402233
4.6199999999999894,1.10913786839,-0.423659659838,27.9516062971,6.09316096941,6.21901416435,0.0,0.538651758322,-1.86311110913,5.76451560505,-0.112721395383,-0.129279438671,0.0,464.06282912934296,463.0227729217146,464.05851891741185,464.05041972694676
4.679999999999988,1.14260792135,-0.538804444085,28.2970402462,6.08653277056,6.21201360489,0.0,0.577644106389,-1.97561504311,5.74971055717,-0.106313176604,-0.0990857659111,0.0,437.730748957472,440.2237288396637,437.6922830758316,438.2143829760539
4.739999999999987,1.1784421494,-0.660562545145,28.6402922235,6.07994347638,6.20568958151,0.0,0.617328586115,-2.08354296936,5.69201241377,-0.117962281604,-0.122639096721,0.0,425.95051467441584,423.9203381563823,425.03998932853966,424.02885482601437
4.799999999999986,1.21681059025,-0.789025606447,28.9806240473,6.07299575202,6.19836804827,0.0,0.66223102665,-2.19915179621,5.65222951598,-0.111783660331,-0.120827035132,0.0,430.4859804151977,430.6253273320899,430.84661090996707,431.35632980522996
4.859999999999984,1.25809523996,-0.924783392607,29.3196562192,6.06629591898,6.19090487826,0.0,0.714558656101,-2.32667020533,5.64847073621,-0.111425614824,-0.132664007649,0.0,443.5941371110175,442.60662144832077,443.0077400051263,443.0260884149797
4.919999999999983,1.30248663839,-1.06792463473,29.6566671432,6.05987153812,6.18299744089,0.0,0.765798587619,-2.44526467122,5.5851612957,-0.0995499422656,-0.130100470349,0.0,424.21669024181017,424.41995150130117,423.33765347823544,424.34775968061956
4.979999999999982,1.35029909236,-1.21876442915,29.9919427779,6.05479714927,6.17533348991,0.0,0.828620252555,-2.58317705098,5.59024646185,-0.0647357822236,-0.123377903307,0.0,446.94125728395636,447.4741293466018,445.2805679625413,448.11366975556973
5.0399999999999805,1.40159214534,-1.37708617518,30.323694977,6.05066881514,6.16847713504,0.0,0.881697525979,-2.69463057044,5.46844013746,-0.0785247319773,-0.100455133942,0.0,404.515082327918,406.561163034728,404.5410492385945,403.29300839530015
